-5.042311531730857103e-03
-1.044132735229377947e-02
-8.617782646144076658e-03
-1.086812339001362246e-02
-1.163681919908835134e-02
-7.274922738768559854e-03
-9.978557673035310521e-03
-3.161271447522272932e-03
-1.937858306165723618e-03
2.350998988823301754e-04
7.967425392246353655e-03
5.050896980370847035e-03
1.269519427877595016e-02
1.170316977949324017e-02
1.036203994049869972e-02
1.516406415737787949e-02
5.834065506221040170e-03
9.799680910555119001e-03
3.567104430115868897e-03
-2.147065961837584924e-03
1.578498975717989054e-03
-1.060341525512745360e-02
-4.165417872923949522e-03
-8.440804636578324444e-03
-1.063748828059048190e-02
2.457349590344755884e-04
-8.318218547858191592e-03
6.108062196991085810e-03
6.370090228483930687e-03
7.425662921241284187e-03
2.290669485652873857e-02
1.153872239597726439e-02
2.640799135692062719e-02
2.136362946637787238e-02
1.516360348474355899e-02
2.610220787250626048e-02
2.570386126752606266e-03
1.261311162010432356e-02
-1.136072302141890840e-03
-1.464512005425056516e-02
-3.275564379307192766e-03
-3.348382596333041722e-02
-1.731422244196639121e-02
-2.909523024146370637e-02
-3.884925347845213928e-02
-1.385210692046800855e-02
-4.416283605520725242e-02
-1.260293219858394514e-02
-2.024923402071141659e-02
-2.828130998542317462e-02
1.030815493645764573e-02
-3.400331829405656842e-02
8.578208285291108806e-03
-9.297067825338997671e-03
-3.167762620241759697e-02
2.130698981044889043e-02
-6.477223324735527366e-02
2.354270111022627610e-03
-3.675538755376371591e-02
-9.011130664323915851e-02
5.025820154473801399e-02
-2.068795707412932894e-01
1.285025736611771774e-01
7.396654723789727326e-01
1.285025736611771774e-01
-2.068795707412932894e-01
5.025820154473801399e-02
-9.011130664323915851e-02
-3.675538755376371591e-02
2.354270111022627610e-03
-6.477223324735527366e-02
2.130698981044889043e-02
-3.167762620241759697e-02
-9.297067825338997671e-03
8.578208285291108806e-03
-3.400331829405656842e-02
1.030815493645764573e-02
-2.828130998542317462e-02
-2.024923402071141659e-02
-1.260293219858394514e-02
-4.416283605520725242e-02
-1.385210692046800855e-02
-3.884925347845213928e-02
-2.909523024146370637e-02
-1.731422244196639121e-02
-3.348382596333041722e-02
-3.275564379307192766e-03
-1.464512005425056516e-02
-1.136072302141890840e-03
1.261311162010432356e-02
2.570386126752606266e-03
2.610220787250626048e-02
1.516360348474355899e-02
2.136362946637787238e-02
2.640799135692062719e-02
1.153872239597726439e-02
2.290669485652873857e-02
7.425662921241284187e-03
6.370090228483930687e-03
6.108062196991085810e-03
-8.318218547858191592e-03
2.457349590344755884e-04
-1.063748828059048190e-02
-8.440804636578324444e-03
-4.165417872923949522e-03
-1.060341525512745360e-02
1.578498975717989054e-03
-2.147065961837584924e-03
3.567104430115868897e-03
9.799680910555119001e-03
5.834065506221040170e-03
1.516406415737787949e-02
1.036203994049869972e-02
1.170316977949324017e-02
1.269519427877595016e-02
5.050896980370847035e-03
7.967425392246353655e-03
2.350998988823301754e-04
-1.937858306165723618e-03
-3.161271447522272932e-03
-9.978557673035310521e-03
-7.274922738768559854e-03
-1.163681919908835134e-02
-1.086812339001362246e-02
-8.617782646144076658e-03
-1.044132735229377947e-02
-5.042311531730857103e-03
